One-vs-One - Decision Tree Accuracy: 79.63%
One-vs-One - Decision Tree Classification Report:
              precision    recall  f1-score     support
0              0.875000  0.777778  0.823529   18.000000
1              0.941176  0.888889  0.914286   18.000000
2              0.941176  0.888889  0.914286   18.000000
3              0.923077  0.666667  0.774194   18.000000
4              0.714286  0.833333  0.769231   18.000000
5              0.857143  1.000000  0.923077   18.000000
6              0.400000  0.444444  0.421053   18.000000
7              0.722222  0.722222  0.722222   18.000000
8              0.933333  0.777778  0.848485   18.000000
9              0.708333  0.944444  0.809524   18.000000
10             1.000000  0.722222  0.838710   18.000000
11             1.000000  1.000000  1.000000   18.000000
12             0.764706  0.722222  0.742857   18.000000
13             0.666667  0.444444  0.533333   18.000000
14             1.000000  1.000000  1.000000   18.000000
15             0.866667  0.722222  0.787879   18.000000
16             0.850000  0.944444  0.894737   18.000000
17             0.750000  0.666667  0.705882   18.000000
18             0.346154  0.500000  0.409091   18.000000
19             0.700000  0.777778  0.736842   18.000000
20             0.909091  0.555556  0.689655   18.000000
21             0.833333  0.833333  0.833333   18.000000
22             0.727273  0.888889  0.800000   18.000000
23             0.800000  0.888889  0.842105   18.000000
24             0.714286  0.833333  0.769231   18.000000
25             0.736842  0.777778  0.756757   18.000000
26             1.000000  1.000000  1.000000   18.000000
27             0.947368  1.000000  0.972973   18.000000
28             0.722222  0.722222  0.722222   18.000000
29             1.000000  0.944444  0.971429   18.000000
accuracy       0.796296  0.796296  0.796296    0.796296
macro avg      0.811679  0.796296  0.797564  540.000000
weighted avg   0.811679  0.796296  0.797564  540.000000
One-vs-One - Decision Tree Confusion Matrix:
One-vs-One - Decision Tree TP: 430, TN: 3080, FP: 110, FN: 110
One-vs-One - SVC Accuracy: 94.26%
One-vs-One - SVC Classification Report:
              precision    recall  f1-score     support
0              0.941176  0.888889  0.914286   18.000000
1              1.000000  0.888889  0.941176   18.000000
2              1.000000  0.944444  0.971429   18.000000
3              1.000000  1.000000  1.000000   18.000000
4              0.894737  0.944444  0.918919   18.000000
5              0.818182  1.000000  0.900000   18.000000
6              0.833333  0.833333  0.833333   18.000000
7              1.000000  0.944444  0.971429   18.000000
8              1.000000  0.777778  0.875000   18.000000
9              0.809524  0.944444  0.871795   18.000000
10             1.000000  0.777778  0.875000   18.000000
11             1.000000  1.000000  1.000000   18.000000
12             0.947368  1.000000  0.972973   18.000000
13             0.947368  1.000000  0.972973   18.000000
14             1.000000  1.000000  1.000000   18.000000
15             1.000000  0.944444  0.971429   18.000000
16             0.894737  0.944444  0.918919   18.000000
17             0.857143  1.000000  0.923077   18.000000
18             0.842105  0.888889  0.864865   18.000000
19             1.000000  0.833333  0.909091   18.000000
20             1.000000  1.000000  1.000000   18.000000
21             1.000000  1.000000  1.000000   18.000000
22             1.000000  0.888889  0.941176   18.000000
23             0.947368  1.000000  0.972973   18.000000
24             0.857143  1.000000  0.923077   18.000000
25             0.941176  0.888889  0.914286   18.000000
26             0.947368  1.000000  0.972973   18.000000
27             1.000000  1.000000  1.000000   18.000000
28             0.944444  0.944444  0.944444   18.000000
29             1.000000  1.000000  1.000000   18.000000
accuracy       0.942593  0.942593  0.942593    0.942593
macro avg      0.947439  0.942593  0.942487  540.000000
weighted avg   0.947439  0.942593  0.942487  540.000000
One-vs-One - SVC Confusion Matrix:
One-vs-One - SVC TP: 509, TN: 868, FP: 31, FN: 31
One-vs-One - Naive Bayes Accuracy: 64.63%
One-vs-One - Naive Bayes Classification Report:
              precision    recall  f1-score     support
0              0.419355  0.722222  0.530612   18.000000
1              0.680000  0.944444  0.790698   18.000000
2              0.611111  0.611111  0.611111   18.000000
3              0.684211  0.722222  0.702703   18.000000
4              0.500000  0.055556  0.100000   18.000000
5              0.818182  1.000000  0.900000   18.000000
6              0.266667  0.444444  0.333333   18.000000
7              0.857143  0.666667  0.750000   18.000000
8              0.578947  0.611111  0.594595   18.000000
9              0.789474  0.833333  0.810811   18.000000
10             0.750000  0.666667  0.705882   18.000000
11             1.000000  0.888889  0.941176   18.000000
12             0.714286  0.833333  0.769231   18.000000
13             0.600000  0.666667  0.631579   18.000000
14             0.944444  0.944444  0.944444   18.000000
15             0.789474  0.833333  0.810811   18.000000
16             0.000000  0.000000  0.000000   18.000000
17             0.000000  0.000000  0.000000   18.000000
18             0.275862  0.444444  0.340426   18.000000
19             0.500000  0.666667  0.571429   18.000000
20             0.375000  0.500000  0.428571   18.000000
21             0.928571  0.722222  0.812500   18.000000
22             0.433333  0.722222  0.541667   18.000000
23             0.857143  1.000000  0.923077   18.000000
24             0.000000  0.000000  0.000000   18.000000
25             0.800000  0.666667  0.727273   18.000000
26             1.000000  1.000000  1.000000   18.000000
27             0.705882  0.666667  0.685714   18.000000
28             0.764706  0.722222  0.742857   18.000000
29             0.937500  0.833333  0.882353   18.000000
accuracy       0.646296  0.646296  0.646296    0.646296
macro avg      0.619376  0.646296  0.619428  540.000000
weighted avg   0.619376  0.646296  0.619428  540.000000
One-vs-One - Naive Bayes Confusion Matrix:
One-vs-One - Naive Bayes TP: 349, TN: 5348, FP: 191, FN: 191
One-vs-One - Random Forest Accuracy: 84.63%
One-vs-One - Random Forest Classification Report:
              precision    recall  f1-score     support
0              0.590909  0.722222  0.650000   18.000000
1              1.000000  0.944444  0.971429   18.000000
2              1.000000  0.833333  0.909091   18.000000
3              1.000000  0.777778  0.875000   18.000000
4              0.833333  0.833333  0.833333   18.000000
5              0.857143  1.000000  0.923077   18.000000
6              0.647059  0.611111  0.628571   18.000000
7              0.933333  0.777778  0.848485   18.000000
8              0.777778  0.777778  0.777778   18.000000
9              0.818182  1.000000  0.900000   18.000000
10             0.866667  0.722222  0.787879   18.000000
11             1.000000  1.000000  1.000000   18.000000
12             0.833333  0.833333  0.833333   18.000000
13             0.727273  0.888889  0.800000   18.000000
14             1.000000  1.000000  1.000000   18.000000
15             0.882353  0.833333  0.857143   18.000000
16             0.809524  0.944444  0.871795   18.000000
17             0.761905  0.888889  0.820513   18.000000
18             0.769231  0.555556  0.645161   18.000000
19             0.625000  0.555556  0.588235   18.000000
20             0.833333  0.833333  0.833333   18.000000
21             0.882353  0.833333  0.857143   18.000000
22             0.937500  0.833333  0.882353   18.000000
23             0.850000  0.944444  0.894737   18.000000
24             0.761905  0.888889  0.820513   18.000000
25             0.823529  0.777778  0.800000   18.000000
26             1.000000  1.000000  1.000000   18.000000
27             0.947368  1.000000  0.972973   18.000000
28             0.833333  0.833333  0.833333   18.000000
29             0.944444  0.944444  0.944444   18.000000
accuracy       0.846296  0.846296  0.846296    0.846296
macro avg      0.851560  0.846296  0.845322  540.000000
weighted avg   0.851560  0.846296  0.845322  540.000000
One-vs-One - Random Forest Confusion Matrix:
One-vs-One - Random Forest TP: 457, TN: 2324, FP: 83, FN: 83
One-vs-One - AdaBoost Accuracy: 82.96%
One-vs-One - AdaBoost Classification Report:
              precision    recall  f1-score    support
0              0.750000  0.833333  0.789474   18.00000
1              1.000000  0.944444  0.971429   18.00000
2              0.789474  0.833333  0.810811   18.00000
3              1.000000  0.777778  0.875000   18.00000
4              0.761905  0.888889  0.820513   18.00000
5              0.857143  1.000000  0.923077   18.00000
6              0.611111  0.611111  0.611111   18.00000
7              0.882353  0.833333  0.857143   18.00000
8              0.933333  0.777778  0.848485   18.00000
9              0.809524  0.944444  0.871795   18.00000
10             0.928571  0.722222  0.812500   18.00000
11             1.000000  0.944444  0.971429   18.00000
12             0.875000  0.777778  0.823529   18.00000
13             0.727273  0.444444  0.551724   18.00000
14             0.947368  1.000000  0.972973   18.00000
15             0.882353  0.833333  0.857143   18.00000
16             0.636364  0.777778  0.700000   18.00000
17             0.772727  0.944444  0.850000   18.00000
18             0.631579  0.666667  0.648649   18.00000
19             0.700000  0.777778  0.736842   18.00000
20             0.933333  0.777778  0.848485   18.00000
21             0.833333  0.833333  0.833333   18.00000
22             0.800000  0.888889  0.842105   18.00000
23             0.928571  0.722222  0.812500   18.00000
24             0.842105  0.888889  0.864865   18.00000
25             0.823529  0.777778  0.800000   18.00000
26             1.000000  1.000000  1.000000   18.00000
27             0.857143  1.000000  0.923077   18.00000
28             0.650000  0.722222  0.684211   18.00000
29             0.944444  0.944444  0.944444   18.00000
accuracy       0.829630  0.829630  0.829630    0.82963
macro avg      0.836951  0.829630  0.828555  540.00000
weighted avg   0.836951  0.829630  0.828555  540.00000
One-vs-One - AdaBoost Confusion Matrix:
One-vs-One - AdaBoost TP: 448, TN: 2576, FP: 92, FN: 92
One-vs-One - Logistic Regression Accuracy: 91.48%
One-vs-One - Logistic Regression Classification Report:
              precision    recall  f1-score     support
0              0.800000  0.888889  0.842105   18.000000
1              1.000000  0.944444  0.971429   18.000000
2              1.000000  0.944444  0.971429   18.000000
3              1.000000  0.944444  0.971429   18.000000
4              0.894737  0.944444  0.918919   18.000000
5              0.818182  1.000000  0.900000   18.000000
6              0.750000  0.833333  0.789474   18.000000
7              1.000000  0.833333  0.909091   18.000000
8              0.933333  0.777778  0.848485   18.000000
9              0.809524  0.944444  0.871795   18.000000
10             1.000000  0.777778  0.875000   18.000000
11             0.900000  1.000000  0.947368   18.000000
12             0.944444  0.944444  0.944444   18.000000
13             0.941176  0.888889  0.914286   18.000000
14             1.000000  1.000000  1.000000   18.000000
15             0.944444  0.944444  0.944444   18.000000
16             0.809524  0.944444  0.871795   18.000000
17             0.750000  1.000000  0.857143   18.000000
18             0.875000  0.777778  0.823529   18.000000
19             0.928571  0.722222  0.812500   18.000000
20             0.937500  0.833333  0.882353   18.000000
21             1.000000  0.944444  0.971429   18.000000
22             1.000000  0.888889  0.941176   18.000000
23             1.000000  1.000000  1.000000   18.000000
24             0.857143  1.000000  0.923077   18.000000
25             0.937500  0.833333  0.882353   18.000000
26             1.000000  1.000000  1.000000   18.000000
27             0.947368  1.000000  0.972973   18.000000
28             0.941176  0.888889  0.914286   18.000000
29             0.947368  1.000000  0.972973   18.000000
accuracy       0.914815  0.914815  0.914815    0.914815
macro avg      0.922233  0.914815  0.914843  540.000000
weighted avg   0.922233  0.914815  0.914843  540.000000
One-vs-One - Logistic Regression Confusion Matrix:
One-vs-One - Logistic Regression TP: 494, TN: 1288, FP: 46, FN: 46
One-vs-One - KNN Accuracy: 84.07%
One-vs-One - KNN Classification Report:
              precision    recall  f1-score     support
0              0.812500  0.722222  0.764706   18.000000
1              0.809524  0.944444  0.871795   18.000000
2              1.000000  0.888889  0.941176   18.000000
3              0.882353  0.833333  0.857143   18.000000
4              0.714286  0.833333  0.769231   18.000000
5              0.818182  1.000000  0.900000   18.000000
6              0.692308  0.500000  0.580645   18.000000
7              0.875000  0.777778  0.823529   18.000000
8              1.000000  0.777778  0.875000   18.000000
9              0.772727  0.944444  0.850000   18.000000
10             0.882353  0.833333  0.857143   18.000000
11             0.857143  1.000000  0.923077   18.000000
12             0.800000  0.888889  0.842105   18.000000
13             0.761905  0.888889  0.820513   18.000000
14             0.944444  0.944444  0.944444   18.000000
15             0.789474  0.833333  0.810811   18.000000
16             0.850000  0.944444  0.894737   18.000000
17             0.652174  0.833333  0.731707   18.000000
18             0.636364  0.388889  0.482759   18.000000
19             0.714286  0.555556  0.625000   18.000000
20             0.800000  0.888889  0.842105   18.000000
21             1.000000  0.944444  0.971429   18.000000
22             0.909091  0.555556  0.689655   18.000000
23             0.857143  1.000000  0.923077   18.000000
24             0.761905  0.888889  0.820513   18.000000
25             0.823529  0.777778  0.800000   18.000000
26             1.000000  1.000000  1.000000   18.000000
27             1.000000  0.944444  0.971429   18.000000
28             0.944444  0.944444  0.944444   18.000000
29             0.944444  0.944444  0.944444   18.000000
accuracy       0.840741  0.840741  0.840741    0.840741
macro avg      0.843519  0.840741  0.835754  540.000000
weighted avg   0.843519  0.840741  0.835754  540.000000
One-vs-One - KNN Confusion Matrix:
One-vs-One - KNN TP: 454, TN: 2408, FP: 86, FN: 86
