One-vs-Rest - Decision Tree Accuracy: 80.56%
One-vs-Rest - Decision Tree Classification Report:
              precision    recall  f1-score     support
0              0.857143  0.666667  0.750000   18.000000
1              1.000000  0.722222  0.838710   18.000000
2              1.000000  0.833333  0.909091   18.000000
3              1.000000  0.611111  0.758621   18.000000
4              0.875000  0.777778  0.823529   18.000000
5              0.944444  0.944444  0.944444   18.000000
6              0.727273  0.444444  0.551724   18.000000
7              1.000000  0.722222  0.838710   18.000000
8              1.000000  0.833333  0.909091   18.000000
9              0.842105  0.888889  0.864865   18.000000
10             0.923077  0.666667  0.774194   18.000000
11             1.000000  1.000000  1.000000   18.000000
12             0.941176  0.888889  0.914286   18.000000
13             0.909091  0.555556  0.689655   18.000000
14             1.000000  1.000000  1.000000   18.000000
15             0.941176  0.888889  0.914286   18.000000
16             0.941176  0.888889  0.914286   18.000000
17             0.866667  0.722222  0.787879   18.000000
18             0.764706  0.722222  0.742857   18.000000
19             0.846154  0.611111  0.709677   18.000000
20             0.937500  0.833333  0.882353   18.000000
21             1.000000  0.888889  0.941176   18.000000
22             0.866667  0.722222  0.787879   18.000000
23             1.000000  0.888889  0.941176   18.000000
24             0.850000  0.944444  0.894737   18.000000
25             0.923077  0.666667  0.774194   18.000000
26             0.947368  1.000000  0.972973   18.000000
27             0.947368  1.000000  0.972973   18.000000
28             1.000000  0.833333  0.909091   18.000000
29             0.200000  1.000000  0.333333   18.000000
accuracy       0.805556  0.805556  0.805556    0.805556
macro avg      0.901706  0.805556  0.834860  540.000000
weighted avg   0.901706  0.805556  0.834860  540.000000
One-vs-Rest - Decision Tree Confusion Matrix:
One-vs-Rest - Decision Tree TP: 435, TN: 2940, FP: 105, FN: 105
One-vs-Rest - SVC Accuracy: 95.19%
One-vs-Rest - SVC Classification Report:
              precision    recall  f1-score     support
0              0.941176  0.888889  0.914286   18.000000
1              1.000000  0.944444  0.971429   18.000000
2              0.944444  0.944444  0.944444   18.000000
3              0.947368  1.000000  0.972973   18.000000
4              0.944444  0.944444  0.944444   18.000000
5              0.900000  1.000000  0.947368   18.000000
6              0.888889  0.888889  0.888889   18.000000
7              1.000000  0.944444  0.971429   18.000000
8              0.937500  0.833333  0.882353   18.000000
9              0.857143  1.000000  0.923077   18.000000
10             0.882353  0.833333  0.857143   18.000000
11             0.947368  1.000000  0.972973   18.000000
12             0.947368  1.000000  0.972973   18.000000
13             1.000000  0.944444  0.971429   18.000000
14             1.000000  1.000000  1.000000   18.000000
15             1.000000  0.944444  0.971429   18.000000
16             1.000000  0.944444  0.971429   18.000000
17             0.900000  1.000000  0.947368   18.000000
18             0.850000  0.944444  0.894737   18.000000
19             0.937500  0.833333  0.882353   18.000000
20             1.000000  0.944444  0.971429   18.000000
21             1.000000  0.944444  0.971429   18.000000
22             1.000000  1.000000  1.000000   18.000000
23             1.000000  1.000000  1.000000   18.000000
24             0.857143  1.000000  0.923077   18.000000
25             0.941176  0.888889  0.914286   18.000000
26             1.000000  1.000000  1.000000   18.000000
27             1.000000  1.000000  1.000000   18.000000
28             1.000000  0.944444  0.971429   18.000000
29             1.000000  1.000000  1.000000   18.000000
accuracy       0.951852  0.951852  0.951852    0.951852
macro avg      0.954129  0.951852  0.951806  540.000000
weighted avg   0.954129  0.951852  0.951806  540.000000
One-vs-Rest - SVC Confusion Matrix:
One-vs-Rest - SVC TP: 514, TN: 728, FP: 26, FN: 26
One-vs-Rest - Naive Bayes Accuracy: 31.67%
One-vs-Rest - Naive Bayes Classification Report:
              precision    recall  f1-score     support
0              0.222222  0.111111  0.148148   18.000000
1              0.000000  0.000000  0.000000   18.000000
2              0.000000  0.000000  0.000000   18.000000
3              0.000000  0.000000  0.000000   18.000000
4              0.500000  0.055556  0.100000   18.000000
5              1.000000  0.111111  0.200000   18.000000
6              0.000000  0.000000  0.000000   18.000000
7              1.000000  0.111111  0.200000   18.000000
8              0.500000  0.500000  0.500000   18.000000
9              0.333333  0.111111  0.166667   18.000000
10             0.846154  0.611111  0.709677   18.000000
11             0.941176  0.888889  0.914286   18.000000
12             0.000000  0.000000  0.000000   18.000000
13             0.000000  0.000000  0.000000   18.000000
14             0.000000  0.000000  0.000000   18.000000
15             0.000000  0.000000  0.000000   18.000000
16             0.000000  0.000000  0.000000   18.000000
17             0.000000  0.000000  0.000000   18.000000
18             0.000000  0.000000  0.000000   18.000000
19             0.044776  0.166667  0.070588   18.000000
20             0.218182  0.666667  0.328767   18.000000
21             0.222222  0.111111  0.148148   18.000000
22             0.212121  0.388889  0.274510   18.000000
23             0.400000  1.000000  0.571429   18.000000
24             0.000000  0.000000  0.000000   18.000000
25             0.432432  0.888889  0.581818   18.000000
26             1.000000  1.000000  1.000000   18.000000
27             0.246575  1.000000  0.395604   18.000000
28             0.186047  0.888889  0.307692   18.000000
29             0.888889  0.888889  0.888889   18.000000
accuracy       0.316667  0.316667  0.316667    0.316667
macro avg      0.306471  0.316667  0.250207  540.000000
weighted avg   0.306471  0.316667  0.250207  540.000000
One-vs-Rest - Naive Bayes Confusion Matrix:
One-vs-Rest - Naive Bayes TP: 171, TN: 10332, FP: 369, FN: 369
One-vs-Rest - Random Forest Accuracy: 90.19%
One-vs-Rest - Random Forest Classification Report:
              precision    recall  f1-score     support
0              0.727273  0.888889  0.800000   18.000000
1              1.000000  0.944444  0.971429   18.000000
2              0.941176  0.888889  0.914286   18.000000
3              0.947368  1.000000  0.972973   18.000000
4              0.937500  0.833333  0.882353   18.000000
5              0.857143  1.000000  0.923077   18.000000
6              0.866667  0.722222  0.787879   18.000000
7              0.941176  0.888889  0.914286   18.000000
8              0.933333  0.777778  0.848485   18.000000
9              0.818182  1.000000  0.900000   18.000000
10             0.941176  0.888889  0.914286   18.000000
11             0.900000  1.000000  0.947368   18.000000
12             0.941176  0.888889  0.914286   18.000000
13             0.857143  1.000000  0.923077   18.000000
14             1.000000  1.000000  1.000000   18.000000
15             0.882353  0.833333  0.857143   18.000000
16             0.944444  0.944444  0.944444   18.000000
17             0.800000  0.888889  0.842105   18.000000
18             0.875000  0.777778  0.823529   18.000000
19             0.857143  0.666667  0.750000   18.000000
20             0.937500  0.833333  0.882353   18.000000
21             0.941176  0.888889  0.914286   18.000000
22             1.000000  0.888889  0.941176   18.000000
23             0.947368  1.000000  0.972973   18.000000
24             0.772727  0.944444  0.850000   18.000000
25             0.823529  0.777778  0.800000   18.000000
26             1.000000  1.000000  1.000000   18.000000
27             1.000000  1.000000  1.000000   18.000000
28             0.842105  0.888889  0.864865   18.000000
29             0.947368  1.000000  0.972973   18.000000
accuracy       0.901852  0.901852  0.901852    0.901852
macro avg      0.906001  0.901852  0.900988  540.000000
weighted avg   0.906001  0.901852  0.900988  540.000000
One-vs-Rest - Random Forest Confusion Matrix:
One-vs-Rest - Random Forest TP: 487, TN: 1484, FP: 53, FN: 53
One-vs-Rest - AdaBoost Accuracy: 86.11%
One-vs-Rest - AdaBoost Classification Report:
              precision    recall  f1-score     support
0              0.882353  0.833333  0.857143   18.000000
1              1.000000  0.944444  0.971429   18.000000
2              0.850000  0.944444  0.894737   18.000000
3              0.833333  0.833333  0.833333   18.000000
4              0.653846  0.944444  0.772727   18.000000
5              0.900000  1.000000  0.947368   18.000000
6              0.413793  0.666667  0.510638   18.000000
7              1.000000  0.833333  0.909091   18.000000
8              1.000000  0.722222  0.838710   18.000000
9              0.812500  0.722222  0.764706   18.000000
10             1.000000  0.666667  0.800000   18.000000
11             1.000000  0.888889  0.941176   18.000000
12             1.000000  0.888889  0.941176   18.000000
13             0.750000  0.666667  0.705882   18.000000
14             1.000000  1.000000  1.000000   18.000000
15             0.900000  1.000000  0.947368   18.000000
16             0.941176  0.888889  0.914286   18.000000
17             0.850000  0.944444  0.894737   18.000000
18             0.625000  0.555556  0.588235   18.000000
19             0.555556  0.833333  0.666667   18.000000
20             1.000000  0.888889  0.941176   18.000000
21             0.937500  0.833333  0.882353   18.000000
22             1.000000  0.888889  0.941176   18.000000
23             0.947368  1.000000  0.972973   18.000000
24             0.894737  0.944444  0.918919   18.000000
25             1.000000  0.722222  0.838710   18.000000
26             0.947368  1.000000  0.972973   18.000000
27             1.000000  1.000000  1.000000   18.000000
28             0.823529  0.777778  0.800000   18.000000
29             1.000000  1.000000  1.000000   18.000000
accuracy       0.861111  0.861111  0.861111    0.861111
macro avg      0.883935  0.861111  0.865590  540.000000
weighted avg   0.883935  0.861111  0.865590  540.000000
One-vs-Rest - AdaBoost Confusion Matrix:
One-vs-Rest - AdaBoost TP: 465, TN: 2100, FP: 75, FN: 75
One-vs-Rest - Logistic Regression Accuracy: 93.70%
One-vs-Rest - Logistic Regression Classification Report:
              precision    recall  f1-score     support
0              0.882353  0.833333  0.857143   18.000000
1              1.000000  0.888889  0.941176   18.000000
2              1.000000  0.944444  0.971429   18.000000
3              1.000000  1.000000  1.000000   18.000000
4              0.944444  0.944444  0.944444   18.000000
5              0.818182  1.000000  0.900000   18.000000
6              0.937500  0.833333  0.882353   18.000000
7              0.947368  1.000000  0.972973   18.000000
8              1.000000  0.777778  0.875000   18.000000
9              0.850000  0.944444  0.894737   18.000000
10             0.941176  0.888889  0.914286   18.000000
11             1.000000  1.000000  1.000000   18.000000
12             1.000000  0.944444  0.971429   18.000000
13             0.937500  0.833333  0.882353   18.000000
14             1.000000  1.000000  1.000000   18.000000
15             0.894737  0.944444  0.918919   18.000000
16             1.000000  0.944444  0.971429   18.000000
17             0.900000  1.000000  0.947368   18.000000
18             0.894737  0.944444  0.918919   18.000000
19             0.882353  0.833333  0.857143   18.000000
20             1.000000  0.944444  0.971429   18.000000
21             1.000000  0.888889  0.941176   18.000000
22             1.000000  0.944444  0.971429   18.000000
23             0.947368  1.000000  0.972973   18.000000
24             0.900000  1.000000  0.947368   18.000000
25             0.937500  0.833333  0.882353   18.000000
26             0.900000  1.000000  0.947368   18.000000
27             0.857143  1.000000  0.923077   18.000000
28             0.900000  1.000000  0.947368   18.000000
29             0.947368  1.000000  0.972973   18.000000
accuracy       0.937037  0.937037  0.937037    0.937037
macro avg      0.940658  0.937037  0.936620  540.000000
weighted avg   0.940658  0.937037  0.936620  540.000000
One-vs-Rest - Logistic Regression Confusion Matrix:
One-vs-Rest - Logistic Regression TP: 506, TN: 952, FP: 34, FN: 34
One-vs-Rest - KNN Accuracy: 84.81%
One-vs-Rest - KNN Classification Report:
              precision    recall  f1-score     support
0              0.764706  0.722222  0.742857   18.000000
1              0.894737  0.944444  0.918919   18.000000
2              1.000000  0.888889  0.941176   18.000000
3              0.875000  0.777778  0.823529   18.000000
4              0.750000  0.833333  0.789474   18.000000
5              0.818182  1.000000  0.900000   18.000000
6              0.666667  0.444444  0.533333   18.000000
7              0.933333  0.777778  0.848485   18.000000
8              1.000000  0.777778  0.875000   18.000000
9              0.809524  0.944444  0.871795   18.000000
10             0.882353  0.833333  0.857143   18.000000
11             0.857143  1.000000  0.923077   18.000000
12             0.800000  0.888889  0.842105   18.000000
13             0.761905  0.888889  0.820513   18.000000
14             0.947368  1.000000  0.972973   18.000000
15             0.789474  0.833333  0.810811   18.000000
16             0.850000  0.944444  0.894737   18.000000
17             0.695652  0.888889  0.780488   18.000000
18             0.666667  0.444444  0.533333   18.000000
19             0.714286  0.555556  0.625000   18.000000
20             0.727273  0.888889  0.800000   18.000000
21             1.000000  0.944444  0.971429   18.000000
22             0.916667  0.611111  0.733333   18.000000
23             0.857143  1.000000  0.923077   18.000000
24             0.850000  0.944444  0.894737   18.000000
25             0.823529  0.777778  0.800000   18.000000
26             1.000000  1.000000  1.000000   18.000000
27             1.000000  0.944444  0.971429   18.000000
28             0.894737  0.944444  0.918919   18.000000
29             0.947368  1.000000  0.972973   18.000000
accuracy       0.848148  0.848148  0.848148    0.848148
macro avg      0.849790  0.848148  0.843021  540.000000
weighted avg   0.849790  0.848148  0.843021  540.000000
One-vs-Rest - KNN Confusion Matrix:
One-vs-Rest - KNN TP: 458, TN: 2296, FP: 82, FN: 82
